#exastencils domain file
DATA
dimensionality = 2
numBlocks = 4
numFragmentsPerBlock = 4
mpi_numThreads = 4
discr_hx = (0.25,0.125,0.0625,0.03125,0.015625,0.0078125,0.00390625)
discr_hy = (0.25,0.125,0.0625,0.03125,0.015625,0.0078125,0.00390625)
domainIdentifier = "global"
DOMAINS
global = (b2,b1,b3,b0)
BLOCKS
b2 = (f8,f9,f10,f11 )
b1 = (f4,f5,f6,f7 )
b3 = (f12,f13,f14,f15 )
b0 = (f0,f1,f2,f3 )
FRAGMENTS
f0 = ((((0.00000,0.00000) , (0.25000,0.00000)),((0.00000,0.00000) , (0.00000,0.25000)),((0.25000,0.00000) , (0.25000,0.25000)),((0.00000,0.25000) , (0.25000,0.25000))))
f1 = ((((0.25000,0.00000) , (0.50000,0.00000)),((0.25000,0.00000) , (0.25000,0.25000)),((0.50000,0.00000) , (0.50000,0.25000)),((0.25000,0.25000) , (0.50000,0.25000))))
f2 = ((((0.00000,0.25000) , (0.25000,0.25000)),((0.00000,0.25000) , (0.00000,0.50000)),((0.25000,0.25000) , (0.25000,0.50000)),((0.00000,0.50000) , (0.25000,0.50000))))
f3 = ((((0.25000,0.25000) , (0.50000,0.25000)),((0.25000,0.25000) , (0.25000,0.50000)),((0.50000,0.25000) , (0.50000,0.50000)),((0.25000,0.50000) , (0.50000,0.50000))))
f4 = ((((0.50000,0.00000) , (0.75000,0.00000)),((0.50000,0.00000) , (0.50000,0.25000)),((0.75000,0.00000) , (0.75000,0.25000)),((0.50000,0.25000) , (0.75000,0.25000))))
f5 = ((((0.75000,0.00000) , (1.00000,0.00000)),((0.75000,0.00000) , (0.75000,0.25000)),((1.00000,0.00000) , (1.00000,0.25000)),((0.75000,0.25000) , (1.00000,0.25000))))
f6 = ((((0.50000,0.25000) , (0.75000,0.25000)),((0.50000,0.25000) , (0.50000,0.50000)),((0.75000,0.25000) , (0.75000,0.50000)),((0.50000,0.50000) , (0.75000,0.50000))))
f7 = ((((0.75000,0.25000) , (1.00000,0.25000)),((0.75000,0.25000) , (0.75000,0.50000)),((1.00000,0.25000) , (1.00000,0.50000)),((0.75000,0.50000) , (1.00000,0.50000))))
f8 = ((((0.00000,0.50000) , (0.25000,0.50000)),((0.00000,0.50000) , (0.00000,0.75000)),((0.25000,0.50000) , (0.25000,0.75000)),((0.00000,0.75000) , (0.25000,0.75000))))
f9 = ((((0.25000,0.50000) , (0.50000,0.50000)),((0.25000,0.50000) , (0.25000,0.75000)),((0.50000,0.50000) , (0.50000,0.75000)),((0.25000,0.75000) , (0.50000,0.75000))))
f10 = ((((0.00000,0.75000) , (0.25000,0.75000)),((0.00000,0.75000) , (0.00000,1.00000)),((0.25000,0.75000) , (0.25000,1.00000)),((0.00000,1.00000) , (0.25000,1.00000))))
f11 = ((((0.25000,0.75000) , (0.50000,0.75000)),((0.25000,0.75000) , (0.25000,1.00000)),((0.50000,0.75000) , (0.50000,1.00000)),((0.25000,1.00000) , (0.50000,1.00000))))
f12 = ((((0.50000,0.50000) , (0.75000,0.50000)),((0.50000,0.50000) , (0.50000,0.75000)),((0.75000,0.50000) , (0.75000,0.75000)),((0.50000,0.75000) , (0.75000,0.75000))))
f13 = ((((0.75000,0.50000) , (1.00000,0.50000)),((0.75000,0.50000) , (0.75000,0.75000)),((1.00000,0.50000) , (1.00000,0.75000)),((0.75000,0.75000) , (1.00000,0.75000))))
f14 = ((((0.50000,0.75000) , (0.75000,0.75000)),((0.50000,0.75000) , (0.50000,1.00000)),((0.75000,0.75000) , (0.75000,1.00000)),((0.50000,1.00000) , (0.75000,1.00000))))
f15 = ((((0.75000,0.75000) , (1.00000,0.75000)),((0.75000,0.75000) , (0.75000,1.00000)),((1.00000,0.75000) , (1.00000,1.00000)),((0.75000,1.00000) , (1.00000,1.00000))))
